(kicad_pcb (version 20171130) (host pcbnew 5.1.6)

  (general
    (thickness 1.6)
    (drawings 5)
    (tracks 106)
    (zones 0)
    (modules 12)
    (nets 8)
  )

  (page A4)
  (layers
    (0 F.Cu signal)
    (31 B.Cu signal)
    (32 B.Adhes user)
    (33 F.Adhes user)
    (34 B.Paste user)
    (35 F.Paste user)
    (36 B.SilkS user)
    (37 F.SilkS user)
    (38 B.Mask user)
    (39 F.Mask user)
    (40 Dwgs.User user)
    (41 Cmts.User user)
    (42 Eco1.User user)
    (43 Eco2.User user)
    (44 Edge.Cuts user)
    (45 Margin user)
    (46 B.CrtYd user)
    (47 F.CrtYd user)
    (48 B.Fab user hide)
    (49 F.Fab user hide)
  )

  (setup
    (last_trace_width 0.25)
    (trace_clearance 0.2)
    (zone_clearance 0.508)
    (zone_45_only no)
    (trace_min 0.2)
    (via_size 0.8)
    (via_drill 0.4)
    (via_min_size 0.4)
    (via_min_drill 0.3)
    (uvia_size 0.3)
    (uvia_drill 0.1)
    (uvias_allowed no)
    (uvia_min_size 0.2)
    (uvia_min_drill 0.1)
    (edge_width 0.05)
    (segment_width 0.2)
    (pcb_text_width 0.3)
    (pcb_text_size 1.5 1.5)
    (mod_edge_width 0.12)
    (mod_text_size 1 1)
    (mod_text_width 0.15)
    (pad_size 1.524 1.524)
    (pad_drill 0.762)
    (pad_to_mask_clearance 0.05)
    (aux_axis_origin 0 0)
    (visible_elements FFFFFF7F)
    (pcbplotparams
      (layerselection 0x010fc_ffffffff)
      (usegerberextensions false)
      (usegerberattributes true)
      (usegerberadvancedattributes true)
      (creategerberjobfile true)
      (excludeedgelayer true)
      (linewidth 0.100000)
      (plotframeref false)
      (viasonmask false)
      (mode 1)
      (useauxorigin false)
      (hpglpennumber 1)
      (hpglpenspeed 20)
      (hpglpendiameter 15.000000)
      (psnegative false)
      (psa4output false)
      (plotreference true)
      (plotvalue false)
      (plotinvisibletext false)
      (padsonsilk false)
      (subtractmaskfromsilk false)
      (outputformat 1)
      (mirror false)
      (drillshape 0)
      (scaleselection 1)
      (outputdirectory "export/"))
  )

  (net 0 "")
  (net 1 "Net-(C1-Pad1)")
  (net 2 "Net-(C1-Pad2)")
  (net 3 "Net-(C2-Pad2)")
  (net 4 GND)
  (net 5 "Net-(C3-Pad1)")
  (net 6 "Net-(C4-Pad2)")
  (net 7 "Net-(C5-Pad1)")

  (net_class Default "This is the default net class."
    (clearance 0.2)
    (trace_width 0.25)
    (via_dia 0.8)
    (via_drill 0.4)
    (uvia_dia 0.3)
    (uvia_drill 0.1)
    (add_net GND)
    (add_net "Net-(C1-Pad1)")
    (add_net "Net-(C1-Pad2)")
    (add_net "Net-(C2-Pad2)")
    (add_net "Net-(C3-Pad1)")
    (add_net "Net-(C4-Pad2)")
    (add_net "Net-(C5-Pad1)")
  )

  (module Capacitor_SMD:C_0603_1608Metric_Pad1.05x0.95mm_HandSolder (layer F.Cu) (tedit 5B301BBE) (tstamp 5EEE0D1C)
    (at 68.975 74.93 180)
    (descr "Capacitor SMD 0603 (1608 Metric), square (rectangular) end terminal, IPC_7351 nominal with elongated pad for handsoldering. (Body size source: http://www.tortai-tech.com/upload/download/2011102023233369053.pdf), generated with kicad-footprint-generator")
    (tags "capacitor handsolder")
    (path /5EEE13FC)
    (attr smd)
    (fp_text reference C1 (at -0.113 1.778) (layer F.SilkS)
      (effects (font (size 1 1) (thickness 0.15)))
    )
    (fp_text value 82pF (at 0 1.43) (layer F.Fab)
      (effects (font (size 1 1) (thickness 0.15)))
    )
    (fp_line (start -0.8 0.4) (end -0.8 -0.4) (layer F.Fab) (width 0.1))
    (fp_line (start -0.8 -0.4) (end 0.8 -0.4) (layer F.Fab) (width 0.1))
    (fp_line (start 0.8 -0.4) (end 0.8 0.4) (layer F.Fab) (width 0.1))
    (fp_line (start 0.8 0.4) (end -0.8 0.4) (layer F.Fab) (width 0.1))
    (fp_line (start -0.171267 -0.51) (end 0.171267 -0.51) (layer F.SilkS) (width 0.12))
    (fp_line (start -0.171267 0.51) (end 0.171267 0.51) (layer F.SilkS) (width 0.12))
    (fp_line (start -1.65 0.73) (end -1.65 -0.73) (layer F.CrtYd) (width 0.05))
    (fp_line (start -1.65 -0.73) (end 1.65 -0.73) (layer F.CrtYd) (width 0.05))
    (fp_line (start 1.65 -0.73) (end 1.65 0.73) (layer F.CrtYd) (width 0.05))
    (fp_line (start 1.65 0.73) (end -1.65 0.73) (layer F.CrtYd) (width 0.05))
    (fp_text user %R (at 0 0) (layer F.Fab)
      (effects (font (size 0.4 0.4) (thickness 0.06)))
    )
    (pad 1 smd roundrect (at -0.875 0 180) (size 1.05 0.95) (layers F.Cu F.Paste F.Mask) (roundrect_rratio 0.25)
      (net 1 "Net-(C1-Pad1)"))
    (pad 2 smd roundrect (at 0.875 0 180) (size 1.05 0.95) (layers F.Cu F.Paste F.Mask) (roundrect_rratio 0.25)
      (net 2 "Net-(C1-Pad2)"))
    (model ${KISYS3DMOD}/Capacitor_SMD.3dshapes/C_0603_1608Metric.wrl
      (at (xyz 0 0 0))
      (scale (xyz 1 1 1))
      (rotate (xyz 0 0 0))
    )
  )

  (module Capacitor_SMD:C_0603_1608Metric_Pad1.05x0.95mm_HandSolder (layer F.Cu) (tedit 5B301BBE) (tstamp 5EEE0D2D)
    (at 73.152 80.631 90)
    (descr "Capacitor SMD 0603 (1608 Metric), square (rectangular) end terminal, IPC_7351 nominal with elongated pad for handsoldering. (Body size source: http://www.tortai-tech.com/upload/download/2011102023233369053.pdf), generated with kicad-footprint-generator")
    (tags "capacitor handsolder")
    (path /5EEE4DEB)
    (attr smd)
    (fp_text reference C2 (at 0.367 1.524 90) (layer F.SilkS)
      (effects (font (size 1 1) (thickness 0.15)))
    )
    (fp_text value 20pF (at 0 1.43 90) (layer F.Fab)
      (effects (font (size 1 1) (thickness 0.15)))
    )
    (fp_line (start 1.65 0.73) (end -1.65 0.73) (layer F.CrtYd) (width 0.05))
    (fp_line (start 1.65 -0.73) (end 1.65 0.73) (layer F.CrtYd) (width 0.05))
    (fp_line (start -1.65 -0.73) (end 1.65 -0.73) (layer F.CrtYd) (width 0.05))
    (fp_line (start -1.65 0.73) (end -1.65 -0.73) (layer F.CrtYd) (width 0.05))
    (fp_line (start -0.171267 0.51) (end 0.171267 0.51) (layer F.SilkS) (width 0.12))
    (fp_line (start -0.171267 -0.51) (end 0.171267 -0.51) (layer F.SilkS) (width 0.12))
    (fp_line (start 0.8 0.4) (end -0.8 0.4) (layer F.Fab) (width 0.1))
    (fp_line (start 0.8 -0.4) (end 0.8 0.4) (layer F.Fab) (width 0.1))
    (fp_line (start -0.8 -0.4) (end 0.8 -0.4) (layer F.Fab) (width 0.1))
    (fp_line (start -0.8 0.4) (end -0.8 -0.4) (layer F.Fab) (width 0.1))
    (fp_text user %R (at 0 0 90) (layer F.Fab)
      (effects (font (size 0.4 0.4) (thickness 0.06)))
    )
    (pad 2 smd roundrect (at 0.875 0 90) (size 1.05 0.95) (layers F.Cu F.Paste F.Mask) (roundrect_rratio 0.25)
      (net 3 "Net-(C2-Pad2)"))
    (pad 1 smd roundrect (at -0.875 0 90) (size 1.05 0.95) (layers F.Cu F.Paste F.Mask) (roundrect_rratio 0.25)
      (net 4 GND))
    (model ${KISYS3DMOD}/Capacitor_SMD.3dshapes/C_0603_1608Metric.wrl
      (at (xyz 0 0 0))
      (scale (xyz 1 1 1))
      (rotate (xyz 0 0 0))
    )
  )

  (module Capacitor_SMD:C_0603_1608Metric_Pad1.05x0.95mm_HandSolder (layer F.Cu) (tedit 5B301BBE) (tstamp 5EEE0D3E)
    (at 77.075 75.184 180)
    (descr "Capacitor SMD 0603 (1608 Metric), square (rectangular) end terminal, IPC_7351 nominal with elongated pad for handsoldering. (Body size source: http://www.tortai-tech.com/upload/download/2011102023233369053.pdf), generated with kicad-footprint-generator")
    (tags "capacitor handsolder")
    (path /5EEE6E37)
    (attr smd)
    (fp_text reference C3 (at -0.141 2.032) (layer F.SilkS)
      (effects (font (size 1 1) (thickness 0.15)))
    )
    (fp_text value 39pF (at 0 1.43) (layer F.Fab)
      (effects (font (size 1 1) (thickness 0.15)))
    )
    (fp_line (start -0.8 0.4) (end -0.8 -0.4) (layer F.Fab) (width 0.1))
    (fp_line (start -0.8 -0.4) (end 0.8 -0.4) (layer F.Fab) (width 0.1))
    (fp_line (start 0.8 -0.4) (end 0.8 0.4) (layer F.Fab) (width 0.1))
    (fp_line (start 0.8 0.4) (end -0.8 0.4) (layer F.Fab) (width 0.1))
    (fp_line (start -0.171267 -0.51) (end 0.171267 -0.51) (layer F.SilkS) (width 0.12))
    (fp_line (start -0.171267 0.51) (end 0.171267 0.51) (layer F.SilkS) (width 0.12))
    (fp_line (start -1.65 0.73) (end -1.65 -0.73) (layer F.CrtYd) (width 0.05))
    (fp_line (start -1.65 -0.73) (end 1.65 -0.73) (layer F.CrtYd) (width 0.05))
    (fp_line (start 1.65 -0.73) (end 1.65 0.73) (layer F.CrtYd) (width 0.05))
    (fp_line (start 1.65 0.73) (end -1.65 0.73) (layer F.CrtYd) (width 0.05))
    (fp_text user %R (at 0 0) (layer F.Fab)
      (effects (font (size 0.4 0.4) (thickness 0.06)))
    )
    (pad 1 smd roundrect (at -0.875 0 180) (size 1.05 0.95) (layers F.Cu F.Paste F.Mask) (roundrect_rratio 0.25)
      (net 5 "Net-(C3-Pad1)"))
    (pad 2 smd roundrect (at 0.875 0 180) (size 1.05 0.95) (layers F.Cu F.Paste F.Mask) (roundrect_rratio 0.25)
      (net 1 "Net-(C1-Pad1)"))
    (model ${KISYS3DMOD}/Capacitor_SMD.3dshapes/C_0603_1608Metric.wrl
      (at (xyz 0 0 0))
      (scale (xyz 1 1 1))
      (rotate (xyz 0 0 0))
    )
  )

  (module Capacitor_SMD:C_0603_1608Metric_Pad1.05x0.95mm_HandSolder (layer F.Cu) (tedit 5B301BBE) (tstamp 5EEE0D4F)
    (at 80.264 80.631 90)
    (descr "Capacitor SMD 0603 (1608 Metric), square (rectangular) end terminal, IPC_7351 nominal with elongated pad for handsoldering. (Body size source: http://www.tortai-tech.com/upload/download/2011102023233369053.pdf), generated with kicad-footprint-generator")
    (tags "capacitor handsolder")
    (path /5EEE8A32)
    (attr smd)
    (fp_text reference C4 (at 0 1.524 90) (layer F.SilkS)
      (effects (font (size 1 1) (thickness 0.15)))
    )
    (fp_text value 20pF (at 0 1.43 90) (layer F.Fab)
      (effects (font (size 1 1) (thickness 0.15)))
    )
    (fp_line (start -0.8 0.4) (end -0.8 -0.4) (layer F.Fab) (width 0.1))
    (fp_line (start -0.8 -0.4) (end 0.8 -0.4) (layer F.Fab) (width 0.1))
    (fp_line (start 0.8 -0.4) (end 0.8 0.4) (layer F.Fab) (width 0.1))
    (fp_line (start 0.8 0.4) (end -0.8 0.4) (layer F.Fab) (width 0.1))
    (fp_line (start -0.171267 -0.51) (end 0.171267 -0.51) (layer F.SilkS) (width 0.12))
    (fp_line (start -0.171267 0.51) (end 0.171267 0.51) (layer F.SilkS) (width 0.12))
    (fp_line (start -1.65 0.73) (end -1.65 -0.73) (layer F.CrtYd) (width 0.05))
    (fp_line (start -1.65 -0.73) (end 1.65 -0.73) (layer F.CrtYd) (width 0.05))
    (fp_line (start 1.65 -0.73) (end 1.65 0.73) (layer F.CrtYd) (width 0.05))
    (fp_line (start 1.65 0.73) (end -1.65 0.73) (layer F.CrtYd) (width 0.05))
    (fp_text user %R (at 0 0 90) (layer F.Fab)
      (effects (font (size 0.4 0.4) (thickness 0.06)))
    )
    (pad 1 smd roundrect (at -0.875 0 90) (size 1.05 0.95) (layers F.Cu F.Paste F.Mask) (roundrect_rratio 0.25)
      (net 4 GND))
    (pad 2 smd roundrect (at 0.875 0 90) (size 1.05 0.95) (layers F.Cu F.Paste F.Mask) (roundrect_rratio 0.25)
      (net 6 "Net-(C4-Pad2)"))
    (model ${KISYS3DMOD}/Capacitor_SMD.3dshapes/C_0603_1608Metric.wrl
      (at (xyz 0 0 0))
      (scale (xyz 1 1 1))
      (rotate (xyz 0 0 0))
    )
  )

  (module Capacitor_SMD:C_0603_1608Metric_Pad1.05x0.95mm_HandSolder (layer F.Cu) (tedit 5B301BBE) (tstamp 5EEE0D60)
    (at 84.469 75.184 180)
    (descr "Capacitor SMD 0603 (1608 Metric), square (rectangular) end terminal, IPC_7351 nominal with elongated pad for handsoldering. (Body size source: http://www.tortai-tech.com/upload/download/2011102023233369053.pdf), generated with kicad-footprint-generator")
    (tags "capacitor handsolder")
    (path /5EEE8165)
    (attr smd)
    (fp_text reference C5 (at 0 2.032) (layer F.SilkS)
      (effects (font (size 1 1) (thickness 0.15)))
    )
    (fp_text value 39pF (at 0 1.43) (layer F.Fab)
      (effects (font (size 1 1) (thickness 0.15)))
    )
    (fp_line (start 1.65 0.73) (end -1.65 0.73) (layer F.CrtYd) (width 0.05))
    (fp_line (start 1.65 -0.73) (end 1.65 0.73) (layer F.CrtYd) (width 0.05))
    (fp_line (start -1.65 -0.73) (end 1.65 -0.73) (layer F.CrtYd) (width 0.05))
    (fp_line (start -1.65 0.73) (end -1.65 -0.73) (layer F.CrtYd) (width 0.05))
    (fp_line (start -0.171267 0.51) (end 0.171267 0.51) (layer F.SilkS) (width 0.12))
    (fp_line (start -0.171267 -0.51) (end 0.171267 -0.51) (layer F.SilkS) (width 0.12))
    (fp_line (start 0.8 0.4) (end -0.8 0.4) (layer F.Fab) (width 0.1))
    (fp_line (start 0.8 -0.4) (end 0.8 0.4) (layer F.Fab) (width 0.1))
    (fp_line (start -0.8 -0.4) (end 0.8 -0.4) (layer F.Fab) (width 0.1))
    (fp_line (start -0.8 0.4) (end -0.8 -0.4) (layer F.Fab) (width 0.1))
    (fp_text user %R (at 0 0) (layer F.Fab)
      (effects (font (size 0.4 0.4) (thickness 0.06)))
    )
    (pad 2 smd roundrect (at 0.875 0 180) (size 1.05 0.95) (layers F.Cu F.Paste F.Mask) (roundrect_rratio 0.25)
      (net 5 "Net-(C3-Pad1)"))
    (pad 1 smd roundrect (at -0.875 0 180) (size 1.05 0.95) (layers F.Cu F.Paste F.Mask) (roundrect_rratio 0.25)
      (net 7 "Net-(C5-Pad1)"))
    (model ${KISYS3DMOD}/Capacitor_SMD.3dshapes/C_0603_1608Metric.wrl
      (at (xyz 0 0 0))
      (scale (xyz 1 1 1))
      (rotate (xyz 0 0 0))
    )
  )

  (module Connector_Coaxial:SMA_Amphenol_901-144_Vertical (layer F.Cu) (tedit 5B2F4C32) (tstamp 5EEE108C)
    (at 60.96 76.2)
    (descr https://www.amphenolrf.com/downloads/dl/file/id/7023/product/3103/901_144_customer_drawing.pdf)
    (tags "SMA THT Female Jack Vertical")
    (path /5EEE0A87)
    (fp_text reference J1 (at 0 -4.75) (layer F.SilkS)
      (effects (font (size 1 1) (thickness 0.15)))
    )
    (fp_text value Conn_Coaxial (at 0 5) (layer F.Fab)
      (effects (font (size 1 1) (thickness 0.15)))
    )
    (fp_circle (center 0 0) (end 3.175 0) (layer F.Fab) (width 0.1))
    (fp_line (start 4.17 4.17) (end -4.17 4.17) (layer F.CrtYd) (width 0.05))
    (fp_line (start 4.17 4.17) (end 4.17 -4.17) (layer F.CrtYd) (width 0.05))
    (fp_line (start -4.17 -4.17) (end -4.17 4.17) (layer F.CrtYd) (width 0.05))
    (fp_line (start -4.17 -4.17) (end 4.17 -4.17) (layer F.CrtYd) (width 0.05))
    (fp_line (start -3.175 -3.175) (end 3.175 -3.175) (layer F.Fab) (width 0.1))
    (fp_line (start -3.175 -3.175) (end -3.175 3.175) (layer F.Fab) (width 0.1))
    (fp_line (start -3.175 3.175) (end 3.175 3.175) (layer F.Fab) (width 0.1))
    (fp_line (start 3.175 -3.175) (end 3.175 3.175) (layer F.Fab) (width 0.1))
    (fp_line (start -3.355 -1.45) (end -3.355 1.45) (layer F.SilkS) (width 0.12))
    (fp_line (start 3.355 -1.45) (end 3.355 1.45) (layer F.SilkS) (width 0.12))
    (fp_line (start -1.45 3.355) (end 1.45 3.355) (layer F.SilkS) (width 0.12))
    (fp_line (start -1.45 -3.355) (end 1.45 -3.355) (layer F.SilkS) (width 0.12))
    (fp_text user %R (at 0 0) (layer F.Fab)
      (effects (font (size 1 1) (thickness 0.15)))
    )
    (pad 1 thru_hole circle (at 0 0) (size 2.05 2.05) (drill 1.5) (layers *.Cu *.Mask)
      (net 2 "Net-(C1-Pad2)"))
    (pad 2 thru_hole circle (at 2.54 2.54) (size 2.25 2.25) (drill 1.7) (layers *.Cu *.Mask)
      (net 4 GND))
    (pad 2 thru_hole circle (at 2.54 -2.54) (size 2.25 2.25) (drill 1.7) (layers *.Cu *.Mask)
      (net 4 GND))
    (pad 2 thru_hole circle (at -2.54 -2.54) (size 2.25 2.25) (drill 1.7) (layers *.Cu *.Mask)
      (net 4 GND))
    (pad 2 thru_hole circle (at -2.54 2.54) (size 2.25 2.25) (drill 1.7) (layers *.Cu *.Mask)
      (net 4 GND))
    (model ${KISYS3DMOD}/Connector_Coaxial.3dshapes/SMA_Amphenol_901-144_Vertical.wrl
      (at (xyz 0 0 0))
      (scale (xyz 1 1 1))
      (rotate (xyz 0 0 0))
    )
  )

  (module Connector_Coaxial:SMA_Amphenol_901-144_Vertical (layer F.Cu) (tedit 5B2F4C32) (tstamp 5EEE173E)
    (at 91.44 76.2)
    (descr https://www.amphenolrf.com/downloads/dl/file/id/7023/product/3103/901_144_customer_drawing.pdf)
    (tags "SMA THT Female Jack Vertical")
    (path /5EEE0F1E)
    (fp_text reference J2 (at 0 -4.75) (layer F.SilkS)
      (effects (font (size 1 1) (thickness 0.15)))
    )
    (fp_text value Conn_Coaxial (at 0 5) (layer F.Fab)
      (effects (font (size 1 1) (thickness 0.15)))
    )
    (fp_line (start -1.45 -3.355) (end 1.45 -3.355) (layer F.SilkS) (width 0.12))
    (fp_line (start -1.45 3.355) (end 1.45 3.355) (layer F.SilkS) (width 0.12))
    (fp_line (start 3.355 -1.45) (end 3.355 1.45) (layer F.SilkS) (width 0.12))
    (fp_line (start -3.355 -1.45) (end -3.355 1.45) (layer F.SilkS) (width 0.12))
    (fp_line (start 3.175 -3.175) (end 3.175 3.175) (layer F.Fab) (width 0.1))
    (fp_line (start -3.175 3.175) (end 3.175 3.175) (layer F.Fab) (width 0.1))
    (fp_line (start -3.175 -3.175) (end -3.175 3.175) (layer F.Fab) (width 0.1))
    (fp_line (start -3.175 -3.175) (end 3.175 -3.175) (layer F.Fab) (width 0.1))
    (fp_line (start -4.17 -4.17) (end 4.17 -4.17) (layer F.CrtYd) (width 0.05))
    (fp_line (start -4.17 -4.17) (end -4.17 4.17) (layer F.CrtYd) (width 0.05))
    (fp_line (start 4.17 4.17) (end 4.17 -4.17) (layer F.CrtYd) (width 0.05))
    (fp_line (start 4.17 4.17) (end -4.17 4.17) (layer F.CrtYd) (width 0.05))
    (fp_circle (center 0 0) (end 3.175 0) (layer F.Fab) (width 0.1))
    (fp_text user %R (at 0 0) (layer F.Fab)
      (effects (font (size 1 1) (thickness 0.15)))
    )
    (pad 2 thru_hole circle (at -2.54 2.54) (size 2.25 2.25) (drill 1.7) (layers *.Cu *.Mask)
      (net 4 GND))
    (pad 2 thru_hole circle (at -2.54 -2.54) (size 2.25 2.25) (drill 1.7) (layers *.Cu *.Mask)
      (net 4 GND))
    (pad 2 thru_hole circle (at 2.54 -2.54) (size 2.25 2.25) (drill 1.7) (layers *.Cu *.Mask)
      (net 4 GND))
    (pad 2 thru_hole circle (at 2.54 2.54) (size 2.25 2.25) (drill 1.7) (layers *.Cu *.Mask)
      (net 4 GND))
    (pad 1 thru_hole circle (at 0 0) (size 2.05 2.05) (drill 1.5) (layers *.Cu *.Mask)
      (net 7 "Net-(C5-Pad1)"))
    (model ${KISYS3DMOD}/Connector_Coaxial.3dshapes/SMA_Amphenol_901-144_Vertical.wrl
      (at (xyz 0 0 0))
      (scale (xyz 1 1 1))
      (rotate (xyz 0 0 0))
    )
  )

  (module Inductor_SMD:L_0603_1608Metric_Pad1.05x0.95mm_HandSolder (layer F.Cu) (tedit 5B301BBE) (tstamp 5EEE0D9F)
    (at 68.947 77.724)
    (descr "Capacitor SMD 0603 (1608 Metric), square (rectangular) end terminal, IPC_7351 nominal with elongated pad for handsoldering. (Body size source: http://www.tortai-tech.com/upload/download/2011102023233369053.pdf), generated with kicad-footprint-generator")
    (tags "inductor handsolder")
    (path /5EEE16B0)
    (attr smd)
    (fp_text reference L1 (at 0.141 2.032) (layer F.SilkS)
      (effects (font (size 1 1) (thickness 0.15)))
    )
    (fp_text value 27nH (at 0 1.43) (layer F.Fab)
      (effects (font (size 1 1) (thickness 0.15)))
    )
    (fp_line (start -0.8 0.4) (end -0.8 -0.4) (layer F.Fab) (width 0.1))
    (fp_line (start -0.8 -0.4) (end 0.8 -0.4) (layer F.Fab) (width 0.1))
    (fp_line (start 0.8 -0.4) (end 0.8 0.4) (layer F.Fab) (width 0.1))
    (fp_line (start 0.8 0.4) (end -0.8 0.4) (layer F.Fab) (width 0.1))
    (fp_line (start -0.171267 -0.51) (end 0.171267 -0.51) (layer F.SilkS) (width 0.12))
    (fp_line (start -0.171267 0.51) (end 0.171267 0.51) (layer F.SilkS) (width 0.12))
    (fp_line (start -1.65 0.73) (end -1.65 -0.73) (layer F.CrtYd) (width 0.05))
    (fp_line (start -1.65 -0.73) (end 1.65 -0.73) (layer F.CrtYd) (width 0.05))
    (fp_line (start 1.65 -0.73) (end 1.65 0.73) (layer F.CrtYd) (width 0.05))
    (fp_line (start 1.65 0.73) (end -1.65 0.73) (layer F.CrtYd) (width 0.05))
    (fp_text user %R (at 0 0) (layer F.Fab)
      (effects (font (size 0.4 0.4) (thickness 0.06)))
    )
    (pad 1 smd roundrect (at -0.875 0) (size 1.05 0.95) (layers F.Cu F.Paste F.Mask) (roundrect_rratio 0.25)
      (net 2 "Net-(C1-Pad2)"))
    (pad 2 smd roundrect (at 0.875 0) (size 1.05 0.95) (layers F.Cu F.Paste F.Mask) (roundrect_rratio 0.25)
      (net 1 "Net-(C1-Pad1)"))
    (model ${KISYS3DMOD}/Inductor_SMD.3dshapes/L_0603_1608Metric.wrl
      (at (xyz 0 0 0))
      (scale (xyz 1 1 1))
      (rotate (xyz 0 0 0))
    )
  )

  (module Inductor_SMD:L_0603_1608Metric_Pad1.05x0.95mm_HandSolder (layer F.Cu) (tedit 5B301BBE) (tstamp 5EEE0DB0)
    (at 73.152 77.075 270)
    (descr "Capacitor SMD 0603 (1608 Metric), square (rectangular) end terminal, IPC_7351 nominal with elongated pad for handsoldering. (Body size source: http://www.tortai-tech.com/upload/download/2011102023233369053.pdf), generated with kicad-footprint-generator")
    (tags "inductor handsolder")
    (path /5EEE4A43)
    (attr smd)
    (fp_text reference L2 (at 0 -1.43 90) (layer F.SilkS)
      (effects (font (size 1 1) (thickness 0.15)))
    )
    (fp_text value 140nH (at 0 1.43 90) (layer F.Fab)
      (effects (font (size 1 1) (thickness 0.15)))
    )
    (fp_line (start 1.65 0.73) (end -1.65 0.73) (layer F.CrtYd) (width 0.05))
    (fp_line (start 1.65 -0.73) (end 1.65 0.73) (layer F.CrtYd) (width 0.05))
    (fp_line (start -1.65 -0.73) (end 1.65 -0.73) (layer F.CrtYd) (width 0.05))
    (fp_line (start -1.65 0.73) (end -1.65 -0.73) (layer F.CrtYd) (width 0.05))
    (fp_line (start -0.171267 0.51) (end 0.171267 0.51) (layer F.SilkS) (width 0.12))
    (fp_line (start -0.171267 -0.51) (end 0.171267 -0.51) (layer F.SilkS) (width 0.12))
    (fp_line (start 0.8 0.4) (end -0.8 0.4) (layer F.Fab) (width 0.1))
    (fp_line (start 0.8 -0.4) (end 0.8 0.4) (layer F.Fab) (width 0.1))
    (fp_line (start -0.8 -0.4) (end 0.8 -0.4) (layer F.Fab) (width 0.1))
    (fp_line (start -0.8 0.4) (end -0.8 -0.4) (layer F.Fab) (width 0.1))
    (fp_text user %R (at 0 0 90) (layer F.Fab)
      (effects (font (size 0.4 0.4) (thickness 0.06)))
    )
    (pad 2 smd roundrect (at 0.875 0 270) (size 1.05 0.95) (layers F.Cu F.Paste F.Mask) (roundrect_rratio 0.25)
      (net 3 "Net-(C2-Pad2)"))
    (pad 1 smd roundrect (at -0.875 0 270) (size 1.05 0.95) (layers F.Cu F.Paste F.Mask) (roundrect_rratio 0.25)
      (net 1 "Net-(C1-Pad1)"))
    (model ${KISYS3DMOD}/Inductor_SMD.3dshapes/L_0603_1608Metric.wrl
      (at (xyz 0 0 0))
      (scale (xyz 1 1 1))
      (rotate (xyz 0 0 0))
    )
  )

  (module Inductor_SMD:L_0603_1608Metric_Pad1.05x0.95mm_HandSolder (layer F.Cu) (tedit 5B301BBE) (tstamp 5EEE0DC1)
    (at 77.075 77.724)
    (descr "Capacitor SMD 0603 (1608 Metric), square (rectangular) end terminal, IPC_7351 nominal with elongated pad for handsoldering. (Body size source: http://www.tortai-tech.com/upload/download/2011102023233369053.pdf), generated with kicad-footprint-generator")
    (tags "inductor handsolder")
    (path /5EEE6E3D)
    (attr smd)
    (fp_text reference L3 (at 0 2.032) (layer F.SilkS)
      (effects (font (size 1 1) (thickness 0.15)))
    )
    (fp_text value 68nH (at 0 1.43) (layer F.Fab)
      (effects (font (size 1 1) (thickness 0.15)))
    )
    (fp_line (start -0.8 0.4) (end -0.8 -0.4) (layer F.Fab) (width 0.1))
    (fp_line (start -0.8 -0.4) (end 0.8 -0.4) (layer F.Fab) (width 0.1))
    (fp_line (start 0.8 -0.4) (end 0.8 0.4) (layer F.Fab) (width 0.1))
    (fp_line (start 0.8 0.4) (end -0.8 0.4) (layer F.Fab) (width 0.1))
    (fp_line (start -0.171267 -0.51) (end 0.171267 -0.51) (layer F.SilkS) (width 0.12))
    (fp_line (start -0.171267 0.51) (end 0.171267 0.51) (layer F.SilkS) (width 0.12))
    (fp_line (start -1.65 0.73) (end -1.65 -0.73) (layer F.CrtYd) (width 0.05))
    (fp_line (start -1.65 -0.73) (end 1.65 -0.73) (layer F.CrtYd) (width 0.05))
    (fp_line (start 1.65 -0.73) (end 1.65 0.73) (layer F.CrtYd) (width 0.05))
    (fp_line (start 1.65 0.73) (end -1.65 0.73) (layer F.CrtYd) (width 0.05))
    (fp_text user %R (at 0 0) (layer F.Fab)
      (effects (font (size 0.4 0.4) (thickness 0.06)))
    )
    (pad 1 smd roundrect (at -0.875 0) (size 1.05 0.95) (layers F.Cu F.Paste F.Mask) (roundrect_rratio 0.25)
      (net 1 "Net-(C1-Pad1)"))
    (pad 2 smd roundrect (at 0.875 0) (size 1.05 0.95) (layers F.Cu F.Paste F.Mask) (roundrect_rratio 0.25)
      (net 5 "Net-(C3-Pad1)"))
    (model ${KISYS3DMOD}/Inductor_SMD.3dshapes/L_0603_1608Metric.wrl
      (at (xyz 0 0 0))
      (scale (xyz 1 1 1))
      (rotate (xyz 0 0 0))
    )
  )

  (module Inductor_SMD:L_0603_1608Metric_Pad1.05x0.95mm_HandSolder (layer F.Cu) (tedit 5B301BBE) (tstamp 5EEE0DD2)
    (at 80.264 77.075 270)
    (descr "Capacitor SMD 0603 (1608 Metric), square (rectangular) end terminal, IPC_7351 nominal with elongated pad for handsoldering. (Body size source: http://www.tortai-tech.com/upload/download/2011102023233369053.pdf), generated with kicad-footprint-generator")
    (tags "inductor handsolder")
    (path /5EEE8A28)
    (attr smd)
    (fp_text reference L4 (at -0.367 -1.524 90) (layer F.SilkS)
      (effects (font (size 1 1) (thickness 0.15)))
    )
    (fp_text value 140nH (at 0 1.43 90) (layer F.Fab)
      (effects (font (size 1 1) (thickness 0.15)))
    )
    (fp_line (start -0.8 0.4) (end -0.8 -0.4) (layer F.Fab) (width 0.1))
    (fp_line (start -0.8 -0.4) (end 0.8 -0.4) (layer F.Fab) (width 0.1))
    (fp_line (start 0.8 -0.4) (end 0.8 0.4) (layer F.Fab) (width 0.1))
    (fp_line (start 0.8 0.4) (end -0.8 0.4) (layer F.Fab) (width 0.1))
    (fp_line (start -0.171267 -0.51) (end 0.171267 -0.51) (layer F.SilkS) (width 0.12))
    (fp_line (start -0.171267 0.51) (end 0.171267 0.51) (layer F.SilkS) (width 0.12))
    (fp_line (start -1.65 0.73) (end -1.65 -0.73) (layer F.CrtYd) (width 0.05))
    (fp_line (start -1.65 -0.73) (end 1.65 -0.73) (layer F.CrtYd) (width 0.05))
    (fp_line (start 1.65 -0.73) (end 1.65 0.73) (layer F.CrtYd) (width 0.05))
    (fp_line (start 1.65 0.73) (end -1.65 0.73) (layer F.CrtYd) (width 0.05))
    (fp_text user %R (at 0 0 90) (layer F.Fab)
      (effects (font (size 0.4 0.4) (thickness 0.06)))
    )
    (pad 1 smd roundrect (at -0.875 0 270) (size 1.05 0.95) (layers F.Cu F.Paste F.Mask) (roundrect_rratio 0.25)
      (net 5 "Net-(C3-Pad1)"))
    (pad 2 smd roundrect (at 0.875 0 270) (size 1.05 0.95) (layers F.Cu F.Paste F.Mask) (roundrect_rratio 0.25)
      (net 6 "Net-(C4-Pad2)"))
    (model ${KISYS3DMOD}/Inductor_SMD.3dshapes/L_0603_1608Metric.wrl
      (at (xyz 0 0 0))
      (scale (xyz 1 1 1))
      (rotate (xyz 0 0 0))
    )
  )

  (module Inductor_SMD:L_0603_1608Metric_Pad1.05x0.95mm_HandSolder (layer F.Cu) (tedit 5B301BBE) (tstamp 5EEE0DE3)
    (at 84.469 77.724)
    (descr "Capacitor SMD 0603 (1608 Metric), square (rectangular) end terminal, IPC_7351 nominal with elongated pad for handsoldering. (Body size source: http://www.tortai-tech.com/upload/download/2011102023233369053.pdf), generated with kicad-footprint-generator")
    (tags "inductor handsolder")
    (path /5EEE816B)
    (attr smd)
    (fp_text reference L5 (at 0 2.032) (layer F.SilkS)
      (effects (font (size 1 1) (thickness 0.15)))
    )
    (fp_text value 68nH (at 0 1.43) (layer F.Fab)
      (effects (font (size 1 1) (thickness 0.15)))
    )
    (fp_line (start 1.65 0.73) (end -1.65 0.73) (layer F.CrtYd) (width 0.05))
    (fp_line (start 1.65 -0.73) (end 1.65 0.73) (layer F.CrtYd) (width 0.05))
    (fp_line (start -1.65 -0.73) (end 1.65 -0.73) (layer F.CrtYd) (width 0.05))
    (fp_line (start -1.65 0.73) (end -1.65 -0.73) (layer F.CrtYd) (width 0.05))
    (fp_line (start -0.171267 0.51) (end 0.171267 0.51) (layer F.SilkS) (width 0.12))
    (fp_line (start -0.171267 -0.51) (end 0.171267 -0.51) (layer F.SilkS) (width 0.12))
    (fp_line (start 0.8 0.4) (end -0.8 0.4) (layer F.Fab) (width 0.1))
    (fp_line (start 0.8 -0.4) (end 0.8 0.4) (layer F.Fab) (width 0.1))
    (fp_line (start -0.8 -0.4) (end 0.8 -0.4) (layer F.Fab) (width 0.1))
    (fp_line (start -0.8 0.4) (end -0.8 -0.4) (layer F.Fab) (width 0.1))
    (fp_text user %R (at 0 0) (layer F.Fab)
      (effects (font (size 0.4 0.4) (thickness 0.06)))
    )
    (pad 2 smd roundrect (at 0.875 0) (size 1.05 0.95) (layers F.Cu F.Paste F.Mask) (roundrect_rratio 0.25)
      (net 7 "Net-(C5-Pad1)"))
    (pad 1 smd roundrect (at -0.875 0) (size 1.05 0.95) (layers F.Cu F.Paste F.Mask) (roundrect_rratio 0.25)
      (net 5 "Net-(C3-Pad1)"))
    (model ${KISYS3DMOD}/Inductor_SMD.3dshapes/L_0603_1608Metric.wrl
      (at (xyz 0 0 0))
      (scale (xyz 1 1 1))
      (rotate (xyz 0 0 0))
    )
  )

  (gr_text "UKW bandstop filter by DL2SSB" (at 76.2 70.612) (layer F.SilkS)
    (effects (font (size 1 1) (thickness 0.15)))
  )
  (gr_line (start 98.044 68.58) (end 54.356 68.58) (layer Edge.Cuts) (width 0.05) (tstamp 5EEE1BA2))
  (gr_line (start 98.044 84.328) (end 98.044 68.58) (layer Edge.Cuts) (width 0.05))
  (gr_line (start 54.356 84.328) (end 98.044 84.328) (layer Edge.Cuts) (width 0.05))
  (gr_line (start 54.356 68.58) (end 54.356 84.328) (layer Edge.Cuts) (width 0.05))

  (segment (start 69.85 74.93) (end 70.866 74.93) (width 0.25) (layer F.Cu) (net 1))
  (segment (start 70.866 74.93) (end 71.12 75.184) (width 0.25) (layer F.Cu) (net 1))
  (segment (start 71.12 75.184) (end 71.12 76.2) (width 0.25) (layer F.Cu) (net 1))
  (segment (start 71.12 76.2) (end 73.152 76.2) (width 0.25) (layer F.Cu) (net 1))
  (segment (start 69.822 77.724) (end 69.822 77.498) (width 0.25) (layer F.Cu) (net 1))
  (segment (start 69.822 77.498) (end 70.612 76.708) (width 0.25) (layer F.Cu) (net 1))
  (segment (start 70.612 76.708) (end 71.12 76.2) (width 0.25) (layer F.Cu) (net 1))
  (segment (start 73.152 76.2) (end 75.692 76.2) (width 0.25) (layer F.Cu) (net 1))
  (segment (start 75.692 75.692) (end 76.2 75.184) (width 0.25) (layer F.Cu) (net 1))
  (segment (start 75.692 76.2) (end 75.692 75.692) (width 0.25) (layer F.Cu) (net 1))
  (segment (start 75.692 77.216) (end 76.2 77.724) (width 0.25) (layer F.Cu) (net 1))
  (segment (start 75.692 76.2) (end 75.692 77.216) (width 0.25) (layer F.Cu) (net 1))
  (segment (start 60.96 76.2) (end 68.072 76.2) (width 0.25) (layer F.Cu) (net 2))
  (segment (start 68.072 74.958) (end 68.1 74.93) (width 0.25) (layer F.Cu) (net 2))
  (segment (start 68.072 76.2) (end 68.072 74.958) (width 0.25) (layer F.Cu) (net 2))
  (segment (start 68.072 76.2) (end 68.072 77.724) (width 0.25) (layer F.Cu) (net 2))
  (segment (start 73.152 77.95) (end 73.152 79.756) (width 0.25) (layer F.Cu) (net 3))
  (via (at 55.88 70.104) (size 0.8) (drill 0.4) (layers F.Cu B.Cu) (net 4))
  (via (at 57.912 70.104) (size 0.8) (drill 0.4) (layers F.Cu B.Cu) (net 4))
  (via (at 59.944 70.104) (size 0.8) (drill 0.4) (layers F.Cu B.Cu) (net 4))
  (via (at 62.484 70.104) (size 0.8) (drill 0.4) (layers F.Cu B.Cu) (net 4))
  (via (at 64.516 70.104) (size 0.8) (drill 0.4) (layers F.Cu B.Cu) (net 4))
  (via (at 67.056 70.104) (size 0.8) (drill 0.4) (layers F.Cu B.Cu) (net 4))
  (via (at 69.088 70.104) (size 0.8) (drill 0.4) (layers F.Cu B.Cu) (net 4))
  (via (at 71.12 70.104) (size 0.8) (drill 0.4) (layers F.Cu B.Cu) (net 4))
  (via (at 73.66 70.104) (size 0.8) (drill 0.4) (layers F.Cu B.Cu) (net 4))
  (via (at 75.692 70.104) (size 0.8) (drill 0.4) (layers F.Cu B.Cu) (net 4))
  (via (at 78.74 70.104) (size 0.8) (drill 0.4) (layers F.Cu B.Cu) (net 4))
  (via (at 82.296 70.104) (size 0.8) (drill 0.4) (layers F.Cu B.Cu) (net 4))
  (via (at 84.836 70.104) (size 0.8) (drill 0.4) (layers F.Cu B.Cu) (net 4))
  (via (at 87.376 70.104) (size 0.8) (drill 0.4) (layers F.Cu B.Cu) (net 4))
  (via (at 89.916 70.104) (size 0.8) (drill 0.4) (layers F.Cu B.Cu) (net 4))
  (via (at 92.964 70.104) (size 0.8) (drill 0.4) (layers F.Cu B.Cu) (net 4))
  (via (at 95.504 70.104) (size 0.8) (drill 0.4) (layers F.Cu B.Cu) (net 4))
  (via (at 97.028 70.104) (size 0.8) (drill 0.4) (layers F.Cu B.Cu) (net 4))
  (via (at 97.028 71.628) (size 0.8) (drill 0.4) (layers F.Cu B.Cu) (net 4))
  (via (at 97.028 73.66) (size 0.8) (drill 0.4) (layers F.Cu B.Cu) (net 4))
  (via (at 97.028 75.692) (size 0.8) (drill 0.4) (layers F.Cu B.Cu) (net 4))
  (via (at 97.028 78.232) (size 0.8) (drill 0.4) (layers F.Cu B.Cu) (net 4))
  (via (at 97.028 80.772) (size 0.8) (drill 0.4) (layers F.Cu B.Cu) (net 4))
  (via (at 97.028 82.296) (size 0.8) (drill 0.4) (layers F.Cu B.Cu) (net 4))
  (via (at 97.028 83.312) (size 0.8) (drill 0.4) (layers F.Cu B.Cu) (net 4))
  (via (at 95.504 83.312) (size 0.8) (drill 0.4) (layers F.Cu B.Cu) (net 4))
  (via (at 93.472 83.312) (size 0.8) (drill 0.4) (layers F.Cu B.Cu) (net 4))
  (via (at 90.932 83.312) (size 0.8) (drill 0.4) (layers F.Cu B.Cu) (net 4))
  (via (at 88.392 83.312) (size 0.8) (drill 0.4) (layers F.Cu B.Cu) (net 4))
  (via (at 86.36 83.312) (size 0.8) (drill 0.4) (layers F.Cu B.Cu) (net 4))
  (via (at 83.312 83.312) (size 0.8) (drill 0.4) (layers F.Cu B.Cu) (net 4))
  (via (at 78.232 83.312) (size 0.8) (drill 0.4) (layers F.Cu B.Cu) (net 4))
  (via (at 76.2 83.312) (size 0.8) (drill 0.4) (layers F.Cu B.Cu) (net 4))
  (via (at 71.12 83.312) (size 0.8) (drill 0.4) (layers F.Cu B.Cu) (net 4))
  (via (at 69.088 83.312) (size 0.8) (drill 0.4) (layers F.Cu B.Cu) (net 4))
  (via (at 67.056 83.312) (size 0.8) (drill 0.4) (layers F.Cu B.Cu) (net 4))
  (via (at 64.516 83.312) (size 0.8) (drill 0.4) (layers F.Cu B.Cu) (net 4))
  (via (at 62.484 83.312) (size 0.8) (drill 0.4) (layers F.Cu B.Cu) (net 4))
  (via (at 67.056 81.788) (size 0.8) (drill 0.4) (layers F.Cu B.Cu) (net 4))
  (via (at 69.088 81.788) (size 0.8) (drill 0.4) (layers F.Cu B.Cu) (net 4))
  (via (at 69.088 80.264) (size 0.8) (drill 0.4) (layers F.Cu B.Cu) (net 4))
  (via (at 76.2 81.28) (size 0.8) (drill 0.4) (layers F.Cu B.Cu) (net 4))
  (via (at 78.232 81.28) (size 0.8) (drill 0.4) (layers F.Cu B.Cu) (net 4))
  (via (at 83.312 81.28) (size 0.8) (drill 0.4) (layers F.Cu B.Cu) (net 4))
  (via (at 86.36 81.28) (size 0.8) (drill 0.4) (layers F.Cu B.Cu) (net 4))
  (via (at 86.36 72.644) (size 0.8) (drill 0.4) (layers F.Cu B.Cu) (net 4))
  (via (at 83.312 72.644) (size 0.8) (drill 0.4) (layers F.Cu B.Cu) (net 4))
  (via (at 80.264 72.644) (size 0.8) (drill 0.4) (layers F.Cu B.Cu) (net 4))
  (via (at 77.216 72.644) (size 0.8) (drill 0.4) (layers F.Cu B.Cu) (net 4))
  (via (at 73.66 72.644) (size 0.8) (drill 0.4) (layers F.Cu B.Cu) (net 4))
  (via (at 71.12 72.644) (size 0.8) (drill 0.4) (layers F.Cu B.Cu) (net 4))
  (via (at 69.088 72.644) (size 0.8) (drill 0.4) (layers F.Cu B.Cu) (net 4))
  (via (at 67.056 72.644) (size 0.8) (drill 0.4) (layers F.Cu B.Cu) (net 4))
  (via (at 67.056 80.264) (size 0.8) (drill 0.4) (layers F.Cu B.Cu) (net 4))
  (via (at 60.96 72.136) (size 0.8) (drill 0.4) (layers F.Cu B.Cu) (net 4))
  (via (at 60.96 80.264) (size 0.8) (drill 0.4) (layers F.Cu B.Cu) (net 4))
  (via (at 91.44 80.264) (size 0.8) (drill 0.4) (layers F.Cu B.Cu) (net 4))
  (via (at 91.44 72.136) (size 0.8) (drill 0.4) (layers F.Cu B.Cu) (net 4))
  (via (at 93.98 76.2) (size 0.8) (drill 0.4) (layers F.Cu B.Cu) (net 4))
  (via (at 57.912 76.2) (size 0.8) (drill 0.4) (layers F.Cu B.Cu) (net 4))
  (via (at 55.88 71.628) (size 0.8) (drill 0.4) (layers F.Cu B.Cu) (net 4))
  (via (at 55.88 73.66) (size 0.8) (drill 0.4) (layers F.Cu B.Cu) (net 4))
  (via (at 55.88 75.692) (size 0.8) (drill 0.4) (layers F.Cu B.Cu) (net 4))
  (via (at 55.88 78.232) (size 0.8) (drill 0.4) (layers F.Cu B.Cu) (net 4))
  (via (at 55.88 80.772) (size 0.8) (drill 0.4) (layers F.Cu B.Cu) (net 4))
  (via (at 55.88 82.296) (size 0.8) (drill 0.4) (layers F.Cu B.Cu) (net 4))
  (via (at 55.88 83.312) (size 0.8) (drill 0.4) (layers F.Cu B.Cu) (net 4))
  (via (at 57.912 83.312) (size 0.8) (drill 0.4) (layers F.Cu B.Cu) (net 4))
  (via (at 59.944 83.312) (size 0.8) (drill 0.4) (layers F.Cu B.Cu) (net 4))
  (via (at 58.928 81.788) (size 0.8) (drill 0.4) (layers F.Cu B.Cu) (net 4))
  (via (at 63.5 81.788) (size 0.8) (drill 0.4) (layers F.Cu B.Cu) (net 4))
  (segment (start 77.95 75.184) (end 78.74 75.184) (width 0.25) (layer F.Cu) (net 5))
  (segment (start 78.74 75.184) (end 79.248 75.692) (width 0.25) (layer F.Cu) (net 5))
  (segment (start 79.248 75.692) (end 79.248 76.2) (width 0.25) (layer F.Cu) (net 5))
  (segment (start 79.248 76.2) (end 80.264 76.2) (width 0.25) (layer F.Cu) (net 5))
  (segment (start 77.95 77.724) (end 78.232 77.724) (width 0.25) (layer F.Cu) (net 5))
  (segment (start 79.248 76.708) (end 79.248 76.2) (width 0.25) (layer F.Cu) (net 5))
  (segment (start 78.232 77.724) (end 79.248 76.708) (width 0.25) (layer F.Cu) (net 5))
  (segment (start 80.264 76.2) (end 82.804 76.2) (width 0.25) (layer F.Cu) (net 5))
  (segment (start 82.804 75.974) (end 83.594 75.184) (width 0.25) (layer F.Cu) (net 5))
  (segment (start 82.804 76.2) (end 82.804 75.974) (width 0.25) (layer F.Cu) (net 5))
  (segment (start 82.804 76.934) (end 83.594 77.724) (width 0.25) (layer F.Cu) (net 5))
  (segment (start 82.804 76.2) (end 82.804 76.934) (width 0.25) (layer F.Cu) (net 5))
  (segment (start 80.264 77.95) (end 80.264 79.756) (width 0.25) (layer F.Cu) (net 6))
  (segment (start 85.344 75.184) (end 86.36 75.184) (width 0.25) (layer F.Cu) (net 7))
  (segment (start 86.36 75.184) (end 86.868 75.692) (width 0.25) (layer F.Cu) (net 7))
  (segment (start 86.868 76.2) (end 85.344 77.724) (width 0.25) (layer F.Cu) (net 7))
  (segment (start 86.868 75.692) (end 86.868 76.2) (width 0.25) (layer F.Cu) (net 7))
  (segment (start 86.868 76.2) (end 91.44 76.2) (width 0.25) (layer F.Cu) (net 7))

  (zone (net 4) (net_name GND) (layer B.Cu) (tstamp 5EEE1FAF) (hatch edge 0.508)
    (connect_pads (clearance 0.508))
    (min_thickness 0.254)
    (fill yes (arc_segments 32) (thermal_gap 0.508) (thermal_bridge_width 0.508))
    (polygon
      (pts
        (xy 98.044 84.328) (xy 54.356 84.328) (xy 54.356 68.58) (xy 98.044 68.58)
      )
    )
    (filled_polygon
      (pts
        (xy 97.384 83.668) (xy 55.016 83.668) (xy 55.016 79.964531) (xy 57.375074 79.964531) (xy 57.485921 80.241714)
        (xy 57.79684 80.395089) (xy 58.131705 80.48486) (xy 58.47765 80.507576) (xy 58.82138 80.462366) (xy 59.149685 80.350966)
        (xy 59.354079 80.241714) (xy 59.464926 79.964531) (xy 62.455074 79.964531) (xy 62.565921 80.241714) (xy 62.87684 80.395089)
        (xy 63.211705 80.48486) (xy 63.55765 80.507576) (xy 63.90138 80.462366) (xy 64.229685 80.350966) (xy 64.434079 80.241714)
        (xy 64.544926 79.964531) (xy 87.855074 79.964531) (xy 87.965921 80.241714) (xy 88.27684 80.395089) (xy 88.611705 80.48486)
        (xy 88.95765 80.507576) (xy 89.30138 80.462366) (xy 89.629685 80.350966) (xy 89.834079 80.241714) (xy 89.944926 79.964531)
        (xy 92.935074 79.964531) (xy 93.045921 80.241714) (xy 93.35684 80.395089) (xy 93.691705 80.48486) (xy 94.03765 80.507576)
        (xy 94.38138 80.462366) (xy 94.709685 80.350966) (xy 94.914079 80.241714) (xy 95.024926 79.964531) (xy 93.98 78.919605)
        (xy 92.935074 79.964531) (xy 89.944926 79.964531) (xy 88.9 78.919605) (xy 87.855074 79.964531) (xy 64.544926 79.964531)
        (xy 63.5 78.919605) (xy 62.455074 79.964531) (xy 59.464926 79.964531) (xy 58.42 78.919605) (xy 57.375074 79.964531)
        (xy 55.016 79.964531) (xy 55.016 78.79765) (xy 56.652424 78.79765) (xy 56.697634 79.14138) (xy 56.809034 79.469685)
        (xy 56.918286 79.674079) (xy 57.195469 79.784926) (xy 58.240395 78.74) (xy 58.599605 78.74) (xy 59.644531 79.784926)
        (xy 59.921714 79.674079) (xy 60.075089 79.36316) (xy 60.16486 79.028295) (xy 60.180004 78.79765) (xy 61.732424 78.79765)
        (xy 61.777634 79.14138) (xy 61.889034 79.469685) (xy 61.998286 79.674079) (xy 62.275469 79.784926) (xy 63.320395 78.74)
        (xy 63.679605 78.74) (xy 64.724531 79.784926) (xy 65.001714 79.674079) (xy 65.155089 79.36316) (xy 65.24486 79.028295)
        (xy 65.260004 78.79765) (xy 87.132424 78.79765) (xy 87.177634 79.14138) (xy 87.289034 79.469685) (xy 87.398286 79.674079)
        (xy 87.675469 79.784926) (xy 88.720395 78.74) (xy 89.079605 78.74) (xy 90.124531 79.784926) (xy 90.401714 79.674079)
        (xy 90.555089 79.36316) (xy 90.64486 79.028295) (xy 90.660004 78.79765) (xy 92.212424 78.79765) (xy 92.257634 79.14138)
        (xy 92.369034 79.469685) (xy 92.478286 79.674079) (xy 92.755469 79.784926) (xy 93.800395 78.74) (xy 94.159605 78.74)
        (xy 95.204531 79.784926) (xy 95.481714 79.674079) (xy 95.635089 79.36316) (xy 95.72486 79.028295) (xy 95.747576 78.68235)
        (xy 95.702366 78.33862) (xy 95.590966 78.010315) (xy 95.481714 77.805921) (xy 95.204531 77.695074) (xy 94.159605 78.74)
        (xy 93.800395 78.74) (xy 92.755469 77.695074) (xy 92.478286 77.805921) (xy 92.324911 78.11684) (xy 92.23514 78.451705)
        (xy 92.212424 78.79765) (xy 90.660004 78.79765) (xy 90.667576 78.68235) (xy 90.622366 78.33862) (xy 90.510966 78.010315)
        (xy 90.401714 77.805921) (xy 90.124531 77.695074) (xy 89.079605 78.74) (xy 88.720395 78.74) (xy 87.675469 77.695074)
